10
29 11 15 25 23  0 30 17 19 16 17 19  0 13 10 17  7  9 16  0  8 13  9  6
11 15  4 26 20 20 11 21 11  3 12 11  3 22 19 11  0  1  6 30  4 11  0
15  4 17 26 16 11  3 22 23  1  8 20 21  0  6 30  1  0 20 14 26 16
25 26 26 14 30  9  9 19 10 29 11 11 28 27 22  4 16  5  7 15  9 
23 20 16 30  2 19 28 12 24  7 21  1  4  8 25 28  4 25 29 24
 0 20 11  9 19 28 18 19 17 27 28 25 27 19 11  5 22  3 22
30 11  3  9 28 18 22 20  6 26 27 11  6 17 18  3 29  2
17 21 22 19 12 19 20  3 26 20  1 30 25  3  2 15 20
19 11 23 10 24 17  6 26 15 27 12  2 11  3  1  9
16  3  1 29  7 27 26 20 27  7 22 28 22 19 23
17 12  8 11 21 28 27  1 12 22 22 18 22 12
19 11 20 11  1 25 11 30  2 28 18 22 22
 0  3 21 28  4 27  6 25 11 22 22 22
13 22  0 27  8 19 17  3  3 19 12
10 19  6 22 25 11 18  2  1 23
17 11 30  4 28  5  3 15  9
 7  0  1 16  4 22 29 20
 9  1  0  5 25  3  2 10
16  6 20  7 29 22 22
 0 30 14 15 24 22
 8  4 26  9  7
13 11 16 27
 9  0 24
 6 23
27